2 4 5 11 19
1 1 2 2 3 4 5 6 8
-2 -1 0 3 9 10 12 13 89 100 1000
2 4 5 11 19
1 1 2 2 3 4 5 6 8
-2 -1 0 3 9 10 12 13 89 100 1000
2 4 5 11 19
1 1 2 2 3 4 5 6 8
-2 -1 0 3 9 10 12 13 89 100 1000
2 4 5 11 19
1 1 2 2 3 4 5 6 8
-2 -1 0 3 9 10 12 13 89 100 1000
2 4 5 11 19
1 1 2 2 3 4 5 6 8
-2 -1 0 3 9 10 12 13 89 100 1000
2 4 5 11 19
1 1 2 2 3 4 5 6 8
-2 -1 0 3 9 10 12 13 89 100 1000
2 4 5 11 19
1 1 2 2 3 4 5 6 8
-2 -1 0 3 9 10 12 13 89 100 1000
2 4 5 11 19
1 1 2 2 3 4 5 6 8
-2 -1 0 3 9 10 12 13 89 100 1000
2 4 5 11 19
1 1 2 2 3 4 5 6 8
-2 -1 0 3 9 10 12 13 89 100 1000
2 4 5 11 19
1 1 2 2 3 4 5 6 8
-2 -1 0 3 9 10 12 13 89 100 1000
2 4 5 11 19
1 1 2 2 3 4 5 6 8
-2 -1 0 3 9 10 12 13 89 100 1000
2 4 5 11 19
1 1 2 2 3 4 5 6 8
-2 -1 0 3 9 10 12 13 89 100 1000
2 4 5 11 19
1 1 2 2 3 4 5 6 8
-2 -1 0 3 9 10 12 13 89 100 1000
2 4 5 11 19
1 1 2 2 3 4 5 6 8
-2 -1 0 3 9 10 12 13 89 100 1000
2 4 5 11 19
1 1 2 2 3 4 5 6 8
-2 -1 0 3 9 10 12 13 89 100 1000
2 4 5 11 19
1 1 2 2 3 4 5 6 8
-2 -1 0 3 9 10 12 13 89 100 1000
2 4 5 11 19
1 1 2 2 3 4 5 6 8
-2 -1 0 3 9 10 12 13 89 100 1000
2 4 5 11 19
1 1 2 2 3 4 5 6 8
-2 -1 0 3 9 10 12 13 89 100 1000
2 4 5 11 19
1 1 2 2 3 4 5 6 8
-2 -1 0 3 9 10 12 13 89 100 1000
2 4 5 11 19
1 1 2 2 3 4 5 6 8
-2 -1 0 3 9 10 12 13 89 100 1000
2 4 5 11 19
1 1 2 2 3 4 5 6 8
-2 -1 0 3 9 10 12 13 89 100 1000
2 4 5 11 19
1 1 2 2 3 4 5 6 8
-2 -1 0 3 9 10 12 13 89 100 1000
2 4 5 11 19
1 1 2 2 3 4 5 6 8
-2 -1 0 3 9 10 12 13 89 100 1000
2 4 5 11 19
1 1 2 2 3 4 5 6 8
-2 -1 0 3 9 10 12 13 89 100 1000
2 4 5 11 19
1 1 2 2 3 4 5 6 8
-2 -1 0 3 9 10 12 13 89 100 1000
2 4 5 11 19
1 1 2 2 3 4 5 6 8
-2 -1 0 3 9 10 12 13 89 100 1000
2 4 5 11 19
1 1 2 2 3 4 5 6 8
-2 -1 0 3 9 10 12 13 89 100 1000
2 4 5 11 19
1 1 2 2 3 4 5 6 8
-2 -1 0 3 9 10 12 13 89 100 1000
2 4 5 11 19
1 1 2 2 3 4 5 6 8
-2 -1 0 3 9 10 12 13 89 100 1000
2 4 5 11 19
1 1 2 2 3 4 5 6 8
-2 -1 0 3 9 10 12 13 89 100 1000
2 4 5 11 19
1 1 2 2 3 4 5 6 8
-2 -1 0 3 9 10 12 13 89 100 1000
2 4 5 11 19
1 1 2 2 3 4 5 6 8
-2 -1 0 3 9 10 12 13 89 100 1000
2 4 5 11 19
1 1 2 2 3 4 5 6 8
-2 -1 0 3 9 10 12 13 89 100 1000
2 4 5 11 19
1 1 2 2 3 4 5 6 8
-2 -1 0 3 9 10 12 13 89 100 1000
2 4 5 11 19
1 1 2 2 3 4 5 6 8
-2 -1 0 3 9 10 12 13 89 100 1000
2 4 5 11 19
1 1 2 2 3 4 5 6 8
-2 -1 0 3 9 10 12 13 89 100 1000
2 4 5 11 19
1 1 2 2 3 4 5 6 8
-2 -1 0 3 9 10 12 13 89 100 1000
2 4 5 11 19
1 1 2 2 3 4 5 6 8
-2 -1 0 3 9 10 12 13 89 100 1000
2 4 5 11 19
1 1 2 2 3 4 5 6 8
-2 -1 0 3 9 10 12 13 89 100 1000
2 4 5 11 19
1 1 2 2 3 4 5 6 8
-2 -1 0 3 9 10 12 13 89 100 1000
